73.34848328
70.48513002
64.79541047
57.25621012
49.06635402
41.27473015
34.71678101
29.95859160
26.99347199
25.25605794
23.99937625
22.70944507
21.27161666
19.97622006
19.28126185
19.53782442
20.76434293
22.61847811
24.62844605
26.40066818
27.66348455
28.27355195
28.19964617
27.49787066
26.28450869
24.70977763
22.93436641
21.10974742
19.36288185
17.78599207
16.43225420
15.31800019
14.43075959
13.74053205
13.21052808
12.80445866
12.48972204
12.23779115
12.02365693
11.82556235
11.62533077
11.40898881
11.16724730
10.89555711
10.59367864
10.26486526
9.91483336
9.55098233
9.18352084
8.81898205
8.46332474
8.12190714
7.79871985
7.49615191
7.21516727
6.95559706
6.71643479
6.49611008
6.29273295
6.10429744
5.92883818
5.76453903
5.60979837
5.46325836
5.32380629
5.19055644
5.06282004
4.94006960
4.82190268
4.70800825
4.59813805
4.49208356
4.38965901
4.29068957
4.19500428
4.10243238
4.01280235
3.92594258
3.84168304
3.75985736
3.68030489
3.60287252
3.52741610
3.45380140
3.38190469
3.31161284
3.24282325
3.17544340
3.10939034
3.04459006
2.98097675
2.91849215
2.85708480
2.79670944
2.73732637
2.67890087
2.62140272
2.56480570
2.50908716
2.45422766
2.40021056
2.34702174
2.29464925
2.24308309
2.19231489
2.14233771
2.09314584
2.04473453
1.99709989
1.95023865
1.90414803
1.85882563
1.81426926
1.77047683
1.72744629
1.68517548
1.64366211
1.60290365
1.56289729
1.52363992
1.48512801
1.44735769
1.41032462
1.37402406
1.33845079
1.30359917
1.26946310
1.23603603
1.20331098
1.17128056
1.13993696
1.10927200
1.07927715
1.04994351
1.02126190
0.99322284
0.96581660
0.93903320
0.91286247
0.88729406
0.86231747
0.83792207
0.81409715
0.79083189
0.76811546
0.74593698
0.72428557
0.70315037
0.68252054
0.66238531
0.64273396
0.62355587
0.60484051
0.58657745
0.56875641
0.55136720
0.53439981
0.51784437
0.50169114
0.48593058
0.47055329
0.45555005
0.44091182
0.42662973
0.41269509
0.39909939
0.38583431
0.37289170
0.36026360
0.34794222
0.33591997
0.32418941
0.31274331
0.30157457
0.29067630
0.28004177
0.26966441
0.25953781
0.24965574
0.24001211
0.23060099
0.22141661
0.21245334
0.20370569
0.19516833
0.18683606
0.17870380
0.15661054
0.14895028
0.14109012
0.13318983
0.12529979
0.11741574
0.10952000
0.10159887
0.09364754
0.08567021
0.07767871
