0.00001889
0.00003636
0.00005089
0.00006130
0.00006677
0.00006649
0.00006118
0.00005263
0.00004195
0.00002986
0.00001718
0.00000485
0.00000000
0.00000000
0.00000000
0.00000000
0.00000000
0.00000108
0.00000475
0.00001030
0.00001714
0.00002474
0.00003264
0.00004042
0.00004775
0.00005436
0.00006011
0.00006492
0.00006877
0.00007172
0.00007386
0.00007532
0.00007627
0.00007687
0.00007732
0.00007777
0.00007835
0.00007914
0.00008021
0.00008155
0.00008315
0.00008500
0.00008705
0.00008927
0.00009162
0.00009406
0.00009655
0.00009908
0.00010162
0.00010417
0.00010671
0.00010923
0.00011173
0.00011422
0.00011669
0.00011914
0.00012159
0.00012402
0.00012644
0.00012886
0.00013128
0.00013369
0.00013610
0.00013851
0.00014091
0.00014331
0.00014570
0.00014808
0.00015046
0.00015282
0.00015518
0.00015753
0.00015986
0.00016218
0.00016449
0.00016678
0.00016906
0.00017132
0.00017356
0.00017579
0.00017800
0.00018019
0.00018236
0.00018451
0.00018664
0.00018875
0.00019084
0.00019291
0.00019495
0.00019697
0.00019897
0.00020094
0.00020288
0.00020480
0.00020669
0.00020856
0.00021040
0.00021221
0.00021400
0.00021576
0.00021749
0.00021919
0.00022086
0.00022251
0.00022412
0.00022571
0.00022727
0.00022880
0.00023030
0.00023177
0.00023321
0.00023462
0.00023601
0.00023736
0.00023869
0.00023999
0.00024127
0.00024251
0.00024373
0.00024492
0.00024608
0.00024722
0.00024833
0.00024942
0.00025048
0.00025152
0.00025253
0.00025352
0.00025448
0.00025542
0.00025634
0.00025724
0.00025811
0.00025897
0.00025980
0.00026061
0.00026140
0.00026218
0.00026293
0.00026366
0.00026438
0.00026508
0.00026576
0.00026642
0.00026707
0.00026770
0.00026832
0.00026892
0.00026950
0.00027007
0.00027063
0.00027117
0.00027170
0.00027221
0.00027272
0.00027321
0.00027368
0.00027415
0.00027460
0.00027505
0.00027548
0.00027590
0.00027631
0.00027671
0.00027710
0.00027748
0.00027786
0.00027822
0.00027857
0.00027892
0.00027925
0.00027958
0.00027990
0.00028022
0.00028052
0.00028082
0.00028111
0.00028140
0.00028167
0.00028194
0.00028221
0.00028246
0.00028272
0.00028296
0.00028320
0.00028343
0.00028366
0.00028397
0.00028426
0.00028455
0.00028484
0.00028511
0.00028538
0.00028563
0.00028588
0.00028613
0.00028636
0.00028659
