0.00014670
0.00014097
0.00012959
0.00011451
0.00009813
0.00008255
0.00006944
0.00005992
0.00005399
0.00005052
0.00004801
0.00004543
0.00004256
0.00003997
0.00003858
0.00003910
0.00004155
0.00004526
0.00004929
0.00005283
0.00005536
0.00005659
0.00005644
0.00005504
0.00005261
0.00004947
0.00004592
0.00004227
0.00003877
0.00003562
0.00003291
0.00003069
0.00002892
0.00002754
0.00002648
0.00002567
0.00002505
0.00002455
0.00002413
0.00002374
0.00002334
0.00002292
0.00002244
0.00002190
0.00002130
0.00002065
0.00001995
0.00001922
0.00001849
0.00001776
0.00001705
0.00001637
0.00001573
0.00001512
0.00001456
0.00001404
0.00001356
0.00001312
0.00001272
0.00001234
0.00001199
0.00001166
0.00001136
0.00001106
0.00001079
0.00001052
0.00001026
0.00001002
0.00000978
0.00000956
0.00000934
0.00000912
0.00000892
0.00000872
0.00000853
0.00000835
0.00000817
0.00000799
0.00000783
0.00000766
0.00000751
0.00000735
0.00000720
0.00000706
0.00000691
0.00000678
0.00000664
0.00000651
0.00000638
0.00000625
0.00000612
0.00000600
0.00000588
0.00000576
0.00000564
0.00000553
0.00000542
0.00000531
0.00000520
0.00000509
0.00000499
0.00000488
0.00000478
0.00000468
0.00000458
0.00000448
0.00000439
0.00000429
0.00000420
0.00000411
0.00000402
0.00000393
0.00000385
0.00000376
0.00000368
0.00000359
0.00000351
0.00000343
0.00000336
0.00000328
0.00000321
0.00000313
0.00000306
0.00000299
0.00000292
0.00000285
0.00000279
0.00000272
0.00000266
0.00000260
0.00000253
0.00000247
0.00000242
0.00000236
0.00000230
0.00000225
0.00000219
0.00000214
0.00000209
0.00000204
0.00000199
0.00000194
0.00000190
0.00000185
0.00000181
0.00000176
0.00000172
0.00000168
0.00000164
0.00000160
0.00000156
0.00000152
0.00000149
0.00000145
0.00000141
0.00000138
0.00000135
0.00000131
0.00000128
0.00000125
0.00000122
0.00000119
0.00000116
0.00000113
0.00000111
0.00000108
0.00000105
0.00000103
0.00000100
0.00000098
0.00000096
0.00000093
0.00000091
0.00000089
0.00000087
0.00000084
0.00000082
0.00000080
0.00000078
0.00000077
0.00000075
0.00000073
0.00000071
0.00000069
0.00000068
0.00000066
0.00000064
0.00000063
0.00000061
0.00000060
0.00000058
0.00000057
0.00000056
0.00000054
0.00000053
0.00000052
0.00000050
0.00000049
0.00000048
0.00000047
0.00000046
0.00000045
0.00000044
0.00000042
0.00000041
0.00000040
0.00000039
0.00000038
0.00000038
0.00000037
0.00000036
0.00000032
0.00000031
0.00000030
0.00000029
0.00000029
0.00000028
0.00000027
0.00000026
0.00000025
0.00000024
0.00000024
0.00000023
0.00000022
0.00000021
0.00000020
0.00000019
0.00000023
0.00000023
0.00000023
0.00000022
0.00000022
0.00000021
0.00000021
0.00000021
0.00000015
0.00000015
0.00000014
