73.34848328
70.48517195
64.79555547
57.25651503
49.06687400
41.27554293
34.71802361
29.96042350
26.99608175
25.25963824
24.00411082
22.71551853
21.27921399
19.98478498
19.29099165
19.54884903
20.77667001
22.63217787
24.64359123
26.41731646
27.68162926
28.29309284
28.22039475
27.51958217
26.30692797
24.73268637
22.95762160
21.13330405
19.38679662
17.81040966
16.45738299
15.34408765
14.45807573
13.76936193
13.24116725
12.83720386
12.52485350
12.27554893
12.06421688
11.86901804
11.67168518
11.45815700
11.21906879
10.94981528
10.65012361
10.32323730
9.97488398
9.61220219
9.24566363
8.88192801
8.52691428
8.18598938
7.86319618
7.56097528
7.28032584
7.02109937
6.78229890
6.56235543
6.35937427
6.17134082
5.99627918
5.83236259
5.67798018
5.53176714
5.39260668
5.25961210
5.13209658
5.00953724
4.89153825
4.77779675
4.66807346
4.56216922
4.45990735
4.36112165
4.26564887
4.17332500
4.08398417
3.99745934
3.91358401
3.83219437
3.75313150
3.67624327
3.60138590
3.52842499
3.45723619
3.38770543
3.31972880
3.25321225
3.18807108
3.12422930
3.06161896
3.00017949
2.93985701
2.88060366
2.82237705
2.76513968
2.70885844
2.65350417
2.59905121
2.54547708
2.49276207
2.44088900
2.38984289
2.33961067
2.29018104
2.24154412
2.19369135
2.14661525
2.10030924
2.05476752
2.00998488
1.96595661
1.92267835
1.88014598
1.83835557
1.79730323
1.75698507
1.71739715
1.67853538
1.64039550
1.60297303
1.56626326
1.53026117
1.49496149
1.46035859
1.42644655
1.39321912
1.36066973
1.32879147
1.29757713
1.26701920
1.23710986
1.20784102
1.17920434
1.15119120
1.12379279
1.09700008
1.07080383
1.04519467
1.02016307
0.99569935
0.97179377
0.94843647
0.92561753
0.90332700
0.88155488
0.86029118
0.83952590
0.81924907
0.79945074
0.78012104
0.76125014
0.74282830
0.72484584
0.70729322
0.69016096
0.67343973
0.65712031
0.64119359
0.62565062
0.61048259
0.59568080
0.58123674
0.56714203
0.55338844
0.53996790
0.52687249
0.51409448
0.50162625
0.48946036
0.47758954
0.46600665
0.45470474
0.44367699
0.43291674
0.42241748
0.41217286
0.40217667
0.39242284
0.38290546
0.37361876
0.36455709
0.35571495
0.34708699
0.33866796
0.33045275
0.32243640
0.31461403
0.30698092
0.29953245
0.29226410
0.28517150
0.27825036
0.27149651
0.26490588
0.25847449
0.25219849
0.24607410
0.24009764
0.23426553
0.22857427
0.22302046
0.21760077
0.21231196
0.20715087
0.20211442
0.19719960
0.19240349
0.18772322
0.18315601
0.17869914
0.16008638
0.15591721
0.15166249
0.14739923
0.14315331
0.13892387
0.13470267
0.13048276
0.12626112
0.12203895
0.11782115
0.11361553
0.10943186
0.10528100
0.10117410
0.09712204
0.11743723
0.11509966
0.11285653
0.11069193
0.10859441
0.10654505
0.10452125
0.10250258
0.07348420
0.07264506
0.07145929
