0.00001889
0.00003635
0.00005088
0.00006129
0.00006675
0.00006647
0.00006117
0.00005263
0.00004196
0.00002990
0.00001724
0.00000494
0.00000000
0.00000000
0.00000000
0.00000000
0.00000000
0.00000107
0.00000473
0.00001026
0.00001708
0.00002466
0.00003254
0.00004029
0.00004759
0.00005419
0.00005991
0.00006469
0.00006852
0.00007145
0.00007358
0.00007502
0.00007596
0.00007655
0.00007698
0.00007742
0.00007800
0.00007878
0.00007984
0.00008116
0.00008275
0.00008459
0.00008662
0.00008882
0.00009115
0.00009356
0.00009604
0.00009854
0.00010105
0.00010357
0.00010608
0.00010857
0.00011104
0.00011349
0.00011592
0.00011833
0.00012073
0.00012312
0.00012550
0.00012787
0.00013024
0.00013260
0.00013496
0.00013731
0.00013966
0.00014201
0.00014434
0.00014667
0.00014899
0.00015130
0.00015360
0.00015588
0.00015816
0.00016041
0.00016266
0.00016489
0.00016710
0.00016930
0.00017148
0.00017364
0.00017578
0.00017791
0.00018002
0.00018210
0.00018417
0.00018621
0.00018823
0.00019023
0.00019221
0.00019416
0.00019609
0.00019800
0.00019988
0.00020174
0.00020357
0.00020538
0.00020716
0.00020891
0.00021064
0.00021234
0.00021402
0.00021567
0.00021729
0.00021888
0.00022044
0.00022198
0.00022349
0.00022497
0.00022643
0.00022786
0.00022926
0.00023063
0.00023198
0.00023329
0.00023459
0.00023585
0.00023709
0.00023830
0.00023949
0.00024065
0.00024179
0.00024290
0.00024399
0.00024505
0.00024609
0.00024710
0.00024809
0.00024906
0.00025001
0.00025093
0.00025183
0.00025271
0.00025357
0.00025441
0.00025523
0.00025603
0.00025681
0.00025757
0.00025831
0.00025904
0.00025974
0.00026043
0.00026111
0.00026176
0.00026240
0.00026303
0.00026364
0.00026423
0.00026481
0.00026537
0.00026592
0.00026646
0.00026699
0.00026750
0.00026799
0.00026848
0.00026895
0.00026942
0.00026987
0.00027031
0.00027073
0.00027115
0.00027156
0.00027196
0.00027235
0.00027272
0.00027309
0.00027345
0.00027380
0.00027415
0.00027448
0.00027481
0.00027512
0.00027544
0.00027574
0.00027603
0.00027632
0.00027660
0.00027688
0.00027714
0.00027740
0.00027766
0.00027791
0.00027815
0.00027839
0.00027862
0.00027884
0.00027906
0.00027927
0.00027948
0.00027969
0.00027989
0.00028008
0.00028027
0.00028045
0.00028064
0.00028081
0.00028098
0.00028115
0.00028131
0.00028147
0.00028163
0.00028178
0.00028193
0.00028207
0.00028222
0.00028235
0.00028249
0.00028262
0.00028275
0.00028287
0.00028303
0.00028319
0.00028334
0.00028349
0.00028363
0.00028377
0.00028390
0.00028403
0.00028416
0.00028428
0.00028440
0.00028451
0.00028462
0.00028473
0.00028483
0.00028493
0.00028499
0.00028506
0.00028512
0.00028518
0.00028523
0.00028529
0.00028534
0.00028539
0.00028539
0.00028539
0.00028539
