0.00005446
0.00010748
0.00015775
0.00020460
0.00024820
0.00028920
0.00031861
0.00034003
0.00035636
0.00036956
0.00038090
0.00039131
0.00040155
0.00041235
0.00042455
0.00043928
0.00045790
0.00047946
0.00050044
0.00052133
0.00054219
0.00056290
0.00058325
0.00060301
0.00062202
0.00064016
0.00065739
0.00067374
0.00068930
0.00070418
0.00071851
0.00073241
0.00074594
0.00075911
0.00077192
0.00078431
0.00079627
0.00080776
0.00081877
0.00082931
0.00083939
0.00084902
0.00085820
0.00086695
0.00087527
0.00088318
0.00089068
0.00089779
0.00090452
0.00091089
0.00091691
0.00092261
0.00092800
0.00093311
0.00093796
0.00094257
0.00094695
0.00095113
0.00095510
0.00095890
0.00096253
0.00096600
0.00096932
0.00097250
0.00097554
0.00097846
0.00098125
0.00098393
0.00098651
0.00098898
0.00099135
0.00099362
0.00099581
0.00099791
0.00099993
0.00100188
0.00100375
0.00100555
0.00100728
0.00100895
0.00101056
0.00101211
0.00101361
0.00101505
0.00101644
0.00101779
0.00101908
0.00102034
0.00102155
0.00102272
0.00102385
0.00102494
0.00102600
0.00102702
0.00102801
0.00102897
0.00102990
0.00103080
0.00103167
0.00103251
0.00103333
0.00103413
0.00103490
0.00103564
0.00103637
0.00103707
0.00103776
0.00103842
0.00103906
0.00103969
0.00104030
0.00104089
0.00104147
0.00104203
0.00104258
0.00104311
0.00104363
0.00104413
0.00104462
0.00104510
0.00104557
0.00104603
0.00104647
0.00104690
0.00104732
0.00104774
0.00104814
0.00104853
0.00104891
0.00104929
0.00104965
0.00105001
0.00105036
0.00105070
0.00105103
0.00105135
0.00105167
0.00105198
0.00105228
0.00105258
0.00105287
0.00105315
0.00105343
0.00105370
0.00105396
0.00105422
0.00105447
0.00105471
0.00105495
0.00105519
0.00105542
0.00105564
0.00105586
0.00105607
0.00105628
0.00105649
0.00105669
0.00105688
0.00105707
0.00105726
0.00105744
0.00105762
0.00105779
0.00105796
0.00105813
0.00105829
0.00105845
0.00105860
0.00105875
0.00105890
0.00105904
0.00105918
0.00105932
0.00105945
0.00105958
0.00105971
0.00105983
0.00105996
0.00106007
0.00106019
0.00106030
0.00106041
0.00106052
0.00106062
0.00106073
0.00106083
0.00106092
0.00106102
0.00106111
0.00106120
0.00106129
0.00106138
0.00106146
0.00106154
0.00106162
0.00106170
0.00106178
0.00106185
0.00106192
0.00106200
0.00106206
0.00106213
0.00106220
0.00106226
0.00106232
0.00106238
0.00106244
0.00106250
0.00106256
0.00106261
0.00106267
0.00106267
0.00106267
0.00106267
0.00106267
0.00106267
0.00106267
0.00106267
0.00106267
0.00106267
0.00106267
0.00106267
0.00106267
0.00106267
0.00106267
0.00106267
0.00106267
0.00106272
0.00106277
0.00106282
0.00106287
0.00106293
0.00106298
0.00106303
0.00106308
0.00106316
0.00106323
0.00106330
