0.00008246
0.00007841
0.00007107
0.00006345
0.00005935
0.00006098
0.00006733
0.00007549
0.00008279
0.00008767
0.00008936
0.00008765
0.00008283
0.00007548
0.00006648
0.00005678
0.00004742
0.00003933
0.00003326
0.00002945
0.00002747
0.00002646
0.00002570
0.00002487
0.00002399
0.00002334
0.00002321
0.00002376
0.00002486
0.00002624
0.00002754
0.00002851
0.00002899
0.00002891
0.00002828
0.00002716
0.00002564
0.00002386
0.00002195
0.00002002
0.00001818
0.00001650
0.00001504
0.00001382
0.00001285
0.00001209
0.00001154
0.00001115
0.00001089
0.00001072
0.00001063
0.00001056
0.00001050
0.00001043
0.00001033
0.00001018
0.00000999
0.00000976
0.00000949
0.00000919
0.00000887
0.00000853
0.00000819
0.00000786
0.00000753
0.00000722
0.00000694
0.00000667
0.00000642
0.00000620
0.00000600
0.00000581
0.00000564
0.00000548
0.00000533
0.00000519
0.00000505
0.00000492
0.00000479
0.00000466
0.00000454
0.00000441
0.00000429
0.00000416
0.00000404
0.00000392
0.00000380
0.00000369
0.00000358
0.00000347
0.00000336
0.00000326
0.00000316
0.00000307
0.00000298
0.00000289
0.00000280
0.00000272
0.00000264
0.00000256
0.00000249
0.00000241
0.00000234
0.00000227
0.00000221
0.00000214
0.00000208
0.00000202
0.00000196
0.00000190
0.00000185
0.00000179
0.00000174
0.00000169
0.00000164
0.00000159
0.00000154
0.00000150
0.00000145
0.00000141
0.00000137
0.00000133
0.00000129
0.00000125
0.00000121
0.00000118
0.00000114
0.00000111
0.00000108
0.00000105
0.00000102
0.00000099
0.00000096
0.00000093
0.00000090
0.00000087
0.00000085
0.00000082
0.00000080
0.00000078
0.00000075
0.00000073
0.00000071
0.00000069
0.00000067
0.00000065
0.00000063
0.00000061
0.00000059
0.00000057
0.00000056
0.00000054
0.00000053
0.00000051
0.00000049
0.00000048
0.00000047
0.00000045
0.00000044
0.00000043
0.00000041
0.00000040
0.00000039
0.00000038
0.00000037
0.00000036
0.00000035
0.00000033
0.00000032
0.00000032
0.00000031
0.00000030
0.00000029
0.00000028
0.00000027
0.00000026
0.00000021
0.00000021
0.00000020
0.00000019
0.00000018
0.00000018
0.00000017
0.00000016
0.00000015
0.00000015
