41.23105626
39.20689899
35.53307336
31.72608680
29.67745251
30.49196551
33.66617264
37.74398232
41.39373062
43.83509981
44.67844213
43.82698359
41.41293939
37.74188878
33.23806685
28.39206713
23.71161281
19.66494337
16.62962612
14.72612714
13.73340589
13.22999368
12.85222172
12.43318764
11.99393946
11.66880930
11.60731064
11.87875575
12.43064052
13.11793070
13.76893397
14.25264631
14.49289388
14.45497380
14.14008495
13.57869101
12.82185486
11.93191928
10.97396304
10.00883823
9.08806171
8.25059808
7.52151614
6.91245160
6.42362804
6.04686911
5.76877195
5.57328321
5.44336321
5.36193240
5.31251605
5.27988270
5.25072205
5.21424508
5.16256997
5.09082463
4.99697440
4.88143483
4.74654946
4.59601079
4.43428953
4.26612054
4.09607647
3.92824513
3.76601365
3.61195318
3.46779074
3.33445115
3.21214996
3.10051902
2.99874767
2.90572563
2.82017665
2.74077510
2.66624107
2.59541173
2.52728925
2.46106698
2.39613688
2.33208169
2.26865596
2.20575950
2.14340707
2.08169703
2.02078150
1.96083981
1.90205625
1.84460270
1.78862635
1.73424200
1.68152859
1.63052904
1.58125285
1.53368039
1.48776840
1.44345580
1.40066960
1.35933019
1.31935603
1.28066733
1.24318887
1.20685192
1.17159527
1.13736555
1.10411707
1.07181112
1.04041511
1.00990144
0.98024649
0.95142949
0.92343159
0.89623509
0.86982277
0.84417744
0.81928163
0.79511741
0.77166637
0.74890961
0.72682791
0.70540183
0.68461188
0.66443869
0.64486319
0.62586668
0.60743102
0.58953862
0.57217255
0.55531656
0.53895505
0.52307305
0.50765625
0.49269089
0.47816375
0.46406212
0.45037369
0.43708661
0.42418935
0.41167074
0.39951993
0.38772633
0.37627965
0.36516987
0.35438721
0.34392214
0.33376540
0.32390796
0.31434104
0.30505609
0.29604483
0.28729919
0.27881133
0.27057367
0.26257884
0.25481967
0.24728924
0.23998081
0.23288785
0.22600403
0.21932320
0.21283941
0.20654686
0.20043994
0.19451320
0.18876135
0.18317924
0.17776189
0.17250446
0.16740224
0.16245068
0.15764533
0.15298190
0.14845620
0.14406418
0.13980191
0.13566555
0.13165141
0.10651250
0.10305081
0.09942901
0.09573468
0.09201421
0.08827016
0.08448667
0.08065057
0.07675952
0.07282220
