0.00003737
0.00007127
0.00009885
0.00011942
0.00013411
0.00014416
0.00014967
0.00014990
0.00014550
0.00013818
0.00012925
0.00011985
0.00011094
0.00010333
0.00009763
0.00009430
0.00009374
0.00009595
0.00010004
0.00010540
0.00011168
0.00011854
0.00012556
0.00013227
0.00013830
0.00014345
0.00014761
0.00015073
0.00015272
0.00015344
0.00015286
0.00015130
0.00014907
0.00014642
0.00014357
0.00014068
0.00013790
0.00013533
0.00013303
0.00013104
0.00012936
0.00012798
0.00012685
0.00012593
0.00012516
0.00012449
0.00012384
0.00012318
0.00012246
0.00012167
0.00012078
0.00011979
0.00011871
0.00011755
0.00011633
0.00011505
0.00011373
0.00011240
0.00011106
0.00010973
0.00010842
0.00010714
0.00010590
0.00010468
0.00010351
0.00010238
0.00010128
0.00010021
0.00009918
0.00009818
0.00009720
0.00009625
0.00009532
0.00009441
0.00009351
0.00009264
0.00009178
0.00009094
0.00009012
0.00008932
0.00008853
0.00008776
0.00008701
0.00008627
0.00008556
0.00008486
0.00008418
0.00008352
0.00008288
0.00008225
0.00008164
0.00008105
0.00008048
0.00007991
0.00007937
0.00007884
0.00007832
0.00007781
0.00007732
0.00007685
0.00007638
0.00007593
0.00007549
0.00007506
0.00007464
0.00007424
0.00007384
0.00007346
0.00007309
0.00007272
0.00007237
0.00007203
0.00007169
0.00007137
0.00007105
0.00007075
0.00007045
0.00007016
0.00006988
0.00006961
0.00006934
0.00006908
0.00006883
0.00006859
0.00006836
0.00006813
0.00006790
0.00006769
0.00006748
0.00006727
0.00006707
0.00006688
0.00006669
0.00006651
0.00006633
0.00006616
0.00006600
0.00006583
0.00006568
0.00006553
0.00006538
0.00006523
0.00006509
0.00006496
0.00006483
0.00006470
0.00006457
0.00006445
0.00006434
0.00006422
0.00006411
0.00006401
0.00006390
0.00006380
0.00006370
0.00006361
0.00006352
0.00006343
0.00006334
0.00006325
0.00006317
0.00006309
0.00006302
0.00006294
0.00006287
0.00006280
0.00006273
0.00006266
0.00006260
0.00006253
0.00006247
0.00006241
0.00006236
0.00006230
0.00006225
0.00006220
0.00006220
0.00006220
0.00006220
0.00006220
0.00006220
0.00006220
0.00006220
0.00006220
0.00006220
0.00006220
