0.00000387
0.00000917
0.00001712
0.00002828
0.00004327
0.00006371
0.00009187
0.00012938
0.00016637
0.00020289
0.00023864
0.00027306
0.00030557
0.00033570
0.00036324
0.00038830
0.00041145
0.00042891
0.00044145
0.00045081
0.00045827
0.00046464
0.00047048
0.00047620
0.00048216
0.00048868
0.00049612
0.00050488
0.00051533
0.00052772
0.00054091
0.00055361
0.00056587
0.00057768
0.00058896
0.00059966
0.00060970
0.00061906
0.00062773
0.00063575
0.00064316
0.00065003
0.00065642
0.00066242
0.00066807
0.00067344
0.00067856
0.00068347
0.00068820
0.00069277
0.00069719
0.00070148
0.00070566
0.00070971
0.00071365
0.00071746
0.00072114
0.00072469
0.00072810
0.00073137
0.00073449
0.00073748
0.00074032
0.00074304
0.00074563
0.00074811
0.00075048
0.00075275
0.00075493
0.00075703
0.00075905
0.00076100
0.00076289
0.00076472
0.00076650
0.00076822
0.00076989
0.00077151
0.00077308
0.00077461
0.00077609
0.00077753
0.00077892
0.00078027
0.00078157
0.00078284
0.00078406
0.00078524
0.00078639
0.00078750
0.00078857
0.00078961
0.00079061
0.00079159
0.00079253
0.00079344
0.00079432
0.00079518
0.00079601
0.00079681
0.00079759
0.00079834
0.00079907
0.00079978
0.00080047
0.00080113
0.00080178
0.00080241
0.00080301
0.00080360
0.00080417
0.00080473
0.00080526
0.00080578
0.00080629
0.00080678
0.00080725
0.00080771
0.00080816
0.00080859
0.00080901
0.00080941
0.00080981
0.00081019
0.00081056
0.00081092
0.00081127
0.00081161
0.00081194
0.00081226
0.00081257
0.00081287
0.00081316
0.00081344
0.00081371
0.00081398
0.00081424
0.00081449
0.00081473
0.00081497
0.00081519
0.00081541
0.00081563
0.00081584
0.00081604
0.00081624
0.00081643
0.00081661
0.00081679
0.00081696
0.00081713
0.00081730
0.00081745
0.00081761
0.00081776
0.00081790
0.00081804
0.00081818
0.00081831
0.00081844
0.00081856
0.00081869
0.00081880
0.00081892
0.00081903
0.00081913
0.00081924
0.00081934
0.00081944
0.00081953
0.00081962
0.00081971
0.00081980
0.00081988
0.00081997
0.00082004
0.00082015
0.00082025
0.00082035
0.00082045
0.00082054
0.00082063
0.00082071
0.00082079
0.00082087
0.00082094
