0.00000000
0.00000000
0.00000000
0.00000000
0.00000000
0.00000000
0.00000000
0.00000000
0.00000440
0.00001172
0.00002065
0.00003005
0.00003896
0.00004657
0.00005226
0.00005559
0.00005616
0.00005394
0.00004985
0.00004449
0.00003822
0.00003136
0.00002434
0.00001763
0.00001159
0.00000645
0.00000229
0.00000000
0.00000000
0.00000000
0.00000058
0.00000214
0.00000437
0.00000701
0.00000987
0.00001276
0.00001554
0.00001811
0.00002041
0.00002240
0.00002408
0.00002546
0.00002659
0.00002751
0.00002827
0.00002895
0.00002960
0.00003026
0.00003098
0.00003177
0.00003266
0.00003365
0.00003473
0.00003588
0.00003711
0.00003839
0.00003971
0.00004104
0.00004238
0.00004371
0.00004502
0.00004630
0.00004754
0.00004876
0.00004993
0.00005106
0.00005216
0.00005322
0.00005426
0.00005526
0.00005624
0.00005719
0.00005812
0.00005903
0.00005992
0.00006080
0.00006166
0.00006250
0.00006332
0.00006412
0.00006491
0.00006568
0.00006643
0.00006717
0.00006788
0.00006858
0.00006926
0.00006992
0.00007056
0.00007119
0.00007179
0.00007239
0.00007296
0.00007353
0.00007407
0.00007460
0.00007512
0.00007562
0.00007612
0.00007659
0.00007706
0.00007751
0.00007795
0.00007838
0.00007880
0.00007920
0.00007960
0.00007998
0.00008035
0.00008072
0.00008107
0.00008141
0.00008175
0.00008207
0.00008239
0.00008269
0.00008299
0.00008328
0.00008356
0.00008383
0.00008410
0.00008435
0.00008460
0.00008485
0.00008508
0.00008531
0.00008554
0.00008575
0.00008596
0.00008617
0.00008637
0.00008656
0.00008675
0.00008693
0.00008710
0.00008728
0.00008744
0.00008760
0.00008776
0.00008791
0.00008806
0.00008821
0.00008835
0.00008848
0.00008861
0.00008874
0.00008886
0.00008899
0.00008910
0.00008922
0.00008933
0.00008943
0.00008954
0.00008964
0.00008974
0.00008983
0.00008992
0.00009001
0.00009010
0.00009018
0.00009027
0.00009035
0.00009042
0.00009050
0.00009057
0.00009064
0.00009071
0.00009078
0.00009084
0.00009090
0.00009097
0.00009102
0.00009108
0.00009114
0.00009119
0.00009124
0.00009124
0.00009124
0.00009124
0.00009124
0.00009124
0.00009124
0.00009124
0.00009124
0.00009124
0.00009124
