0.00008246
0.00007846
0.00007121
0.00006374
0.00005983
0.00006162
0.00006806
0.00007625
0.00008358
0.00008847
0.00009017
0.00008850
0.00008375
0.00007654
0.00006773
0.00005830
0.00004926
0.00004152
0.00003574
0.00003204
0.00002994
0.00002866
0.00002757
0.00002637
0.00002510
0.00002407
0.00002358
0.00002375
0.00002449
0.00002555
0.00002661
0.00002741
0.00002780
0.00002770
0.00002712
0.00002611
0.00002476
0.00002317
0.00002147
0.00001975
0.00001811
0.00001659
0.00001524
0.00001407
0.00001308
0.00001225
0.00001156
0.00001100
0.00001055
0.00001017
0.00000985
0.00000959
0.00000935
0.00000912
0.00000889
0.00000866
0.00000841
0.00000814
0.00000786
0.00000757
0.00000727
0.00000697
0.00000667
0.00000639
0.00000611
0.00000586
0.00000562
0.00000539
0.00000519
0.00000501
0.00000484
0.00000468
0.00000453
0.00000440
0.00000427
0.00000415
0.00000403
0.00000392
0.00000381
0.00000370
0.00000359
0.00000349
0.00000338
0.00000328
0.00000318
0.00000308
0.00000299
0.00000289
0.00000280
0.00000271
0.00000263
0.00000254
0.00000246
0.00000238
0.00000231
0.00000224
0.00000217
0.00000210
0.00000204
0.00000197
0.00000191
0.00000185
0.00000180
0.00000174
0.00000169
0.00000164
0.00000159
0.00000154
0.00000149
0.00000145
0.00000140
0.00000136
0.00000132
0.00000128
0.00000124
0.00000120
0.00000116
0.00000113
0.00000109
0.00000106
0.00000103
0.00000100
0.00000097
0.00000094
0.00000091
0.00000088
0.00000085
0.00000083
0.00000080
0.00000078
0.00000076
0.00000073
0.00000071
0.00000069
0.00000067
0.00000065
0.00000063
0.00000061
0.00000059
0.00000057
0.00000055
0.00000054
0.00000052
0.00000051
0.00000049
0.00000047
0.00000046
0.00000045
0.00000043
0.00000042
0.00000041
0.00000039
0.00000038
0.00000037
0.00000036
0.00000035
0.00000034
0.00000033
0.00000032
0.00000031
0.00000030
0.00000029
0.00000028
0.00000027
0.00000026
0.00000022
0.00000021
0.00000020
0.00000019
0.00000019
0.00000018
0.00000017
0.00000016
0.00000016
0.00000015
