41.23105626
39.23204317
35.60263304
31.87032666
29.91579633
30.80922433
34.02753376
38.12580478
41.78945564
44.23571911
45.08542832
44.25217950
41.87625538
38.27001989
33.86346297
29.14990368
24.63102683
20.76165960
17.87154068
16.02125416
14.97091297
14.33215373
13.78432532
13.18288425
12.55109857
12.03524284
11.79018253
11.87578153
12.24680376
12.77497868
13.30570579
13.70658784
13.89938152
13.85046134
13.55988866
13.05402943
12.37772558
11.58578393
10.73488187
9.87689060
9.05414015
8.29681120
7.62245253
7.03720614
6.54009879
6.12485137
5.78241890
5.50201676
5.27263010
5.08376604
4.92666940
4.79269463
4.67312567
4.55998851
4.44678250
4.32890121
4.20372023
4.07043280
3.92972546
3.78337414
3.63382524
3.48380900
3.33601571
3.19285005
3.05626710
2.92768501
2.80796341
2.69743401
2.59596832
2.50306816
2.41796607
2.33972510
2.26733004
2.19976496
2.13607420
2.07540609
2.01704020
1.96039985
1.90505242
1.85070028
1.79716492
1.74436711
1.69230516
1.64103335
1.59064170
1.54123839
1.49293515
1.44583602
1.40002943
1.35558326
1.31254260
1.27092960
1.23074504
1.19197095
1.15457396
1.11850895
1.08372261
1.05015680
1.01775142
0.98644682
0.95618557
0.92691382
0.89858200
0.87114525
0.84456341
0.81880076
0.79382561
0.76960977
0.74612796
0.72335727
0.70127659
0.67986614
0.65910713
0.63898142
0.61947131
0.60055937
0.58222840
0.56446135
0.54724134
0.53055171
0.51437605
0.49869824
0.48350254
0.46877358
0.45449648
0.44065680
0.42724061
0.41423446
0.40162541
0.38940098
0.37754919
0.36605847
0.35491769
0.34411612
0.33364339
0.32348948
0.31364470
0.30409967
0.29484530
0.28587277
0.27717351
0.26873925
0.26056190
0.25263366
0.24494693
0.23749434
0.23026874
0.22326321
0.21647101
0.20988562
0.20350072
0.19731018
0.19130806
0.18548861
0.17984625
0.17437558
0.16907135
0.16392849
0.15894209
0.15410738
0.14941974
0.14487469
0.14046789
0.13619514
0.13205236
0.10772718
0.10415287
0.10043324
0.09665509
0.09286552
0.08906897
0.08525163
0.08140153
0.07751631
0.07360347
