0.00003737
0.00007129
0.00009892
0.00011958
0.00013441
0.00014468
0.00015053
0.00015134
0.00014755
0.00014090
0.00013272
0.00012414
0.00011615
0.00010954
0.00010494
0.00010285
0.00010372
0.00010705
0.00011206
0.00011825
0.00012530
0.00013285
0.00014048
0.00014773
0.00015422
0.00015977
0.00016431
0.00016785
0.00017034
0.00017174
0.00017201
0.00017128
0.00016989
0.00016812
0.00016616
0.00016421
0.00016238
0.00016078
0.00015947
0.00015847
0.00015778
0.00015739
0.00015726
0.00015726
0.00015742
0.00015763
0.00015781
0.00015791
0.00015791
0.00015773
0.00015740
0.00015692
0.00015631
0.00015558
0.00015475
0.00015384
0.00015288
0.00015188
0.00015086
0.00014984
0.00014881
0.00014781
0.00014682
0.00014586
0.00014493
0.00014403
0.00014315
0.00014231
0.00014150
0.00014071
0.00013994
0.00013920
0.00013848
0.00013777
0.00013709
0.00013642
0.00013576
0.00013512
0.00013450
0.00013389
0.00013329
0.00013271
0.00013214
0.00013159
0.00013105
0.00013053
0.00013001
0.00012952
0.00012903
0.00012856
0.00012810
0.00012766
0.00012722
0.00012680
0.00012639
0.00012599
0.00012560
0.00012522
0.00012485
0.00012449
0.00012415
0.00012381
0.00012348
0.00012316
0.00012285
0.00012254
0.00012225
0.00012196
0.00012168
0.00012142
0.00012115
0.00012090
0.00012065
0.00012041
0.00012018
0.00011995
0.00011973
0.00011952
0.00011931
0.00011911
0.00011891
0.00011872
0.00011854
0.00011836
0.00011819
0.00011802
0.00011786
0.00011770
0.00011754
0.00011739
0.00011725
0.00011711
0.00011697
0.00011684
0.00011671
0.00011659
0.00011647
0.00011635
0.00011623
0.00011612
0.00011602
0.00011591
0.00011581
0.00011571
0.00011562
0.00011553
0.00011544
0.00011535
0.00011527
0.00011519
0.00011511
0.00011503
0.00011495
0.00011488
0.00011481
0.00011474
0.00011468
0.00011461
0.00011455
0.00011449
0.00011443
0.00011438
0.00011432
0.00011427
0.00011422
0.00011422
0.00011422
0.00011422
0.00011422
0.00011422
0.00011422
0.00011422
0.00011422
0.00011422
0.00011422
