0.00000000
0.00000000
0.00000000
0.00000000
0.00000000
0.00000000
0.00000000
0.00000000
0.00000378
0.00001043
0.00001862
0.00002719
0.00003519
0.00004180
0.00004640
0.00004848
0.00004761
0.00004428
0.00003927
0.00003308
0.00002604
0.00001848
0.00001085
0.00000361
0.00000000
0.00000000
0.00000000
0.00000000
0.00000000
0.00000000
0.00000000
0.00000073
0.00000211
0.00000389
0.00000584
0.00000780
0.00000962
0.00001122
0.00001254
0.00001354
0.00001422
0.00001461
0.00001475
0.00001475
0.00001458
0.00001438
0.00001420
0.00001410
0.00001410
0.00001427
0.00001460
0.00001508
0.00001570
0.00001643
0.00001726
0.00001816
0.00001912
0.00002012
0.00002114
0.00002217
0.00002319
0.00002420
0.00002519
0.00002615
0.00002708
0.00002798
0.00002885
0.00002969
0.00003051
0.00003130
0.00003206
0.00003280
0.00003353
0.00003423
0.00003492
0.00003559
0.00003624
0.00003688
0.00003751
0.00003812
0.00003871
0.00003929
0.00003986
0.00004041
0.00004095
0.00004148
0.00004199
0.00004249
0.00004297
0.00004344
0.00004390
0.00004435
0.00004478
0.00004521
0.00004562
0.00004602
0.00004641
0.00004679
0.00004715
0.00004751
0.00004786
0.00004820
0.00004853
0.00004885
0.00004916
0.00004946
0.00004976
0.00005004
0.00005032
0.00005059
0.00005085
0.00005111
0.00005135
0.00005159
0.00005183
0.00005205
0.00005227
0.00005249
0.00005269
0.00005290
0.00005309
0.00005328
0.00005346
0.00005364
0.00005382
0.00005398
0.00005415
0.00005431
0.00005446
0.00005461
0.00005476
0.00005490
0.00005503
0.00005516
0.00005529
0.00005542
0.00005554
0.00005566
0.00005577
0.00005588
0.00005599
0.00005609
0.00005619
0.00005629
0.00005639
0.00005648
0.00005657
0.00005665
0.00005674
0.00005682
0.00005690
0.00005698
0.00005705
0.00005712
0.00005719
0.00005726
0.00005733
0.00005739
0.00005745
0.00005751
0.00005757
0.00005763
0.00005768
0.00005774
0.00005779
0.00005779
0.00005779
0.00005779
0.00005779
0.00005779
0.00005779
0.00005779
0.00005779
0.00005779
0.00005779
