0.00000387
0.00000917
0.00001715
0.00002836
0.00004344
0.00006398
0.00009216
0.00012948
0.00016748
0.00020507
0.00024197
0.00027765
0.00031153
0.00034319
0.00037245
0.00039952
0.00042327
0.00044071
0.00045357
0.00046340
0.00047133
0.00047810
0.00048426
0.00049019
0.00049625
0.00050274
0.00050999
0.00051833
0.00052808
0.00053946
0.00055250
0.00056548
0.00057799
0.00059006
0.00060167
0.00061277
0.00062332
0.00063331
0.00064273
0.00065161
0.00065998
0.00066788
0.00067537
0.00068240
0.00068878
0.00069470
0.00070030
0.00070570
0.00071097
0.00071588
0.00072048
0.00072479
0.00072885
0.00073268
0.00073630
0.00073972
0.00074296
0.00074604
0.00074894
0.00075170
0.00075431
0.00075679
0.00075914
0.00076137
0.00076350
0.00076552
0.00076746
0.00076931
0.00077109
0.00077281
0.00077446
0.00077606
0.00077760
0.00077910
0.00078055
0.00078195
0.00078332
0.00078464
0.00078592
0.00078716
0.00078836
0.00078952
0.00079065
0.00079173
0.00079279
0.00079380
0.00079478
0.00079573
0.00079665
0.00079753
0.00079838
0.00079921
0.00080001
0.00080077
0.00080152
0.00080224
0.00080293
0.00080360
0.00080425
0.00080488
0.00080549
0.00080608
0.00080665
0.00080720
0.00080773
0.00080825
0.00080875
0.00080923
0.00080970
0.00081015
0.00081059
0.00081102
0.00081143
0.00081183
0.00081221
0.00081259
0.00081295
0.00081330
0.00081364
0.00081397
0.00081429
0.00081460
0.00081490
0.00081519
0.00081547
0.00081574
0.00081600
0.00081626
0.00081651
0.00081675
0.00081698
0.00081721
0.00081742
0.00081764
0.00081784
0.00081804
0.00081823
0.00081842
0.00081860
0.00081878
0.00081895
0.00081911
0.00081927
0.00081942
0.00081957
0.00081972
0.00081986
0.00082000
0.00082013
0.00082026
0.00082038
0.00082050
0.00082062
0.00082073
0.00082084
0.00082095
0.00082105
0.00082115
0.00082125
0.00082134
0.00082143
0.00082152
0.00082161
0.00082169
0.00082177
0.00082188
0.00082198
0.00082208
0.00082218
0.00082227
0.00082236
0.00082245
0.00082253
0.00082261
0.00082268
