0.00014671
0.00014100
0.00012963
0.00011457
0.00009820
0.00008262
0.00006951
0.00006000
0.00005408
0.00005061
0.00004810
0.00004552
0.00004265
0.00004006
0.00003868
0.00003920
0.00004165
0.00004537
0.00004939
0.00005294
0.00005547
0.00005670
0.00005655
0.00005516
0.00005274
0.00004959
0.00004604
0.00004240
0.00003891
0.00003576
0.00003306
0.00003083
0.00002906
0.00002768
0.00002662
0.00002581
0.00002519
0.00002469
0.00002426
0.00002387
0.00002347
0.00002304
0.00002256
0.00002201
0.00002141
0.00002076
0.00002006
0.00001933
0.00001860
0.00001787
0.00001716
0.00001648
0.00001584
0.00001523
0.00001467
0.00001416
0.00001368
0.00001324
0.00001283
0.00001246
0.00001211
0.00001178
0.00001147
0.00001118
0.00001090
0.00001064
0.00001038
0.00001014
0.00000990
0.00000968
0.00000946
0.00000925
0.00000904
0.00000885
0.00000865
0.00000847
0.00000829
0.00000812
0.00000795
0.00000779
0.00000763
0.00000748
0.00000733
0.00000718
0.00000704
0.00000690
0.00000676
0.00000662
0.00000649
0.00000636
0.00000624
0.00000611
0.00000599
0.00000587
0.00000575
0.00000564
0.00000552
0.00000541
0.00000530
0.00000519
0.00000508
0.00000498
0.00000487
0.00000477
0.00000467
0.00000457
0.00000447
0.00000437
0.00000428
0.00000419
0.00000409
0.00000400
0.00000391
0.00000383
0.00000374
0.00000366
0.00000357
0.00000349
0.00000341
0.00000334
0.00000326
0.00000318
0.00000311
0.00000304
0.00000297
0.00000290
0.00000283
0.00000276
0.00000270
0.00000263
0.00000257
0.00000251
0.00000245
0.00000239
0.00000233
0.00000228
0.00000222
0.00000217
0.00000212
0.00000207
0.00000202
0.00000197
0.00000192
0.00000188
0.00000183
0.00000179
0.00000174
0.00000170
0.00000166
0.00000162
0.00000158
0.00000154
0.00000150
0.00000147
0.00000143
0.00000140
0.00000136
0.00000133
0.00000130
0.00000127
0.00000124
0.00000121
0.00000118
0.00000115
0.00000112
0.00000109
0.00000107
0.00000104
0.00000102
0.00000099
0.00000097
0.00000094
0.00000092
0.00000090
0.00000088
0.00000086
0.00000084
0.00000082
0.00000080
0.00000078
0.00000076
0.00000074
0.00000072
0.00000070
0.00000069
0.00000067
0.00000065
0.00000061
0.00000060
0.00000058
0.00000056
0.00000055
0.00000053
0.00000052
0.00000050
0.00000048
0.00000047
0.00000045
