0.00005446
0.00010749
0.00015778
0.00020465
0.00024828
0.00028931
0.00031876
0.00034021
0.00035656
0.00036978
0.00038115
0.00039158
0.00040184
0.00041266
0.00042489
0.00043966
0.00045833
0.00047993
0.00050095
0.00052188
0.00054278
0.00056352
0.00058390
0.00060369
0.00062274
0.00064092
0.00065819
0.00067458
0.00069019
0.00070512
0.00071950
0.00073346
0.00074704
0.00076028
0.00077314
0.00078560
0.00079762
0.00080916
0.00082023
0.00083082
0.00084095
0.00085062
0.00085985
0.00086863
0.00087699
0.00088493
0.00089247
0.00089961
0.00090636
0.00091276
0.00091880
0.00092452
0.00092993
0.00093506
0.00093993
0.00094455
0.00094895
0.00095314
0.00095713
0.00096094
0.00096458
0.00096806
0.00097138
0.00097457
0.00097762
0.00098054
0.00098334
0.00098602
0.00098860
0.00099107
0.00099344
0.00099572
0.00099791
0.00100001
0.00100203
0.00100397
0.00100584
0.00100764
0.00100937
0.00101103
0.00101264
0.00101419
0.00101568
0.00101712
0.00101850
0.00101984
0.00102113
0.00102238
0.00102358
0.00102475
0.00102587
0.00102696
0.00102801
0.00102902
0.00103001
0.00103096
0.00103188
0.00103277
0.00103363
0.00103447
0.00103528
0.00103607
0.00103683
0.00103757
0.00103829
0.00103898
0.00103966
0.00104032
0.00104096
0.00104158
0.00104218
0.00104277
0.00104335
0.00104390
0.00104444
0.00104497
0.00104549
0.00104599
0.00104648
0.00104696
0.00104742
0.00104787
0.00104832
0.00104875
0.00104917
0.00104958
0.00104999
0.00105038
0.00105076
0.00105114
0.00105151
0.00105186
0.00105221
0.00105256
0.00105289
0.00105322
0.00105354
0.00105385
0.00105416
0.00105446
0.00105475
0.00105504
0.00105532
0.00105559
0.00105586
0.00105612
0.00105638
0.00105663
0.00105687
0.00105711
0.00105734
0.00105757
0.00105780
0.00105802
0.00105823
0.00105844
0.00105864
0.00105884
0.00105904
0.00105923
0.00105942
0.00105960
0.00105978
0.00105995
0.00106012
0.00106029
0.00106045
0.00106061
0.00106076
0.00106091
0.00106106
0.00106120
0.00106134
0.00106148
0.00106161
0.00106174
0.00106187
0.00106199
0.00106212
0.00106223
0.00106235
0.00106246
0.00106257
0.00106268
0.00106278
0.00106289
0.00106298
0.00106298
0.00106298
0.00106298
0.00106298
0.00106298
0.00106298
0.00106298
0.00106298
0.00106298
0.00106298
0.00106298
