71.69379332
68.77419705
62.96055801
55.20419870
46.69172351
38.47853122
31.44580314
26.24986687
23.02914109
21.24753468
20.05344753
18.81541905
17.36859816
16.00542713
15.33002702
15.88230538
17.66231448
20.15110190
22.76199736
25.03662162
26.68341623
27.55706203
27.63049577
26.96751993
25.69646713
23.98528646
22.01852646
19.98062466
18.02802665
16.27560418
14.79666232
13.61894782
12.72928940
12.08853354
11.64908899
11.36686206
11.20487317
11.13127108
11.11617092
11.13024906
11.14563073
11.13805522
11.08901270
10.98701603
10.82776975
10.61339895
10.35106566
10.05131032
9.72639335
9.38882834
9.05021840
8.72044085
8.40717505
8.11573417
7.84914167
7.60838524
7.39278187
7.20039447
7.02845155
6.87373368
6.73290238
6.60275902
6.48042974
6.36348020
6.24996863
6.13844864
6.02793440
5.91784062
5.80790866
5.69812804
5.58866079
5.47977377
5.37178198
5.26500434
5.15973193
5.05620770
4.95461599
4.85507992
4.75766461
4.66238427
4.56921148
4.47808730
4.38893117
4.30164977
4.21614462
4.13231800
4.05007732
3.96933798
3.89002500
3.81207360
3.73542896
3.66004551
3.58588584
3.51291942
3.44112139
3.37047129
3.30095205
3.23254903
3.16524929
3.09904101
3.03391306
2.96985474
2.90685552
2.84490498
2.78399272
2.72410836
2.66524153
2.60738188
2.55051913
2.49464303
2.43974339
2.38581013
2.33283317
2.28080251
2.22970819
2.17954023
2.13028865
2.08194346
2.03449458
1.98793188
1.94224515
1.89742408
1.85345825
1.81033712
1.76805006
1.72658630
1.68593498
1.64608512
1.60702565
1.56874539
1.53123309
1.49447744
1.45846703
1.42319044
1.38863619
1.35479276
1.32164865
1.28919231
1.25741224
1.22629692
1.19583488
1.16601469
1.13682496
1.10825436
1.08029162
1.05292558
1.02614511
0.99993923
0.97429701
0.94920765
0.92466047
0.90064489
0.87715046
0.85416687
0.83168391
0.80969153
0.78817982
0.76713901
0.74655946
0.72643170
0.70674638
0.68749433
0.66866651
0.65025403
0.63224817
0.61464034
0.59742213
0.58058525
0.56412158
0.54802315
0.53228214
0.51689087
0.50184181
0.48712760
0.47274098
0.45867486
0.44492231
0.43147650
0.41833076
0.40547855
0.39291347
0.38062926
0.36861976
0.35687897
0.34540100
0.33418008
0.32321058
0.31248697
0.30200384
0.29175591
0.28173800
0.27194505
0.26237209
0.25301427
0.24386685
0.23492519
0.22618475
0.21764107
0.20928980
0.20112671
0.19314761
0.18534845
0.17772523
0.17027406
0.16299114
0.13992580
0.13309802
0.12597715
0.11871732
0.11138020
0.10396574
0.09645589
0.08883718
0.08110854
0.07328143
