0.00005106
0.00010062
0.00014726
0.00019017
0.00022929
0.00026544
0.00029383
0.00031350
0.00032775
0.00033879
0.00034796
0.00035620
0.00036424
0.00037281
0.00038287
0.00039592
0.00041325
0.00043003
0.00044712
0.00046471
0.00048268
0.00050079
0.00051873
0.00053623
0.00055305
0.00056903
0.00058411
0.00059829
0.00061164
0.00062428
0.00063637
0.00064806
0.00065944
0.00067056
0.00068138
0.00069187
0.00070199
0.00071173
0.00072109
0.00073009
0.00073874
0.00074707
0.00075507
0.00076274
0.00077007
0.00077708
0.00078374
0.00079007
0.00079607
0.00080176
0.00080715
0.00081227
0.00081713
0.00082175
0.00082617
0.00083040
0.00083447
0.00083838
0.00084215
0.00084580
0.00084934
0.00085277
0.00085610
0.00085934
0.00086248
0.00086554
0.00086851
0.00087139
0.00087419
0.00087691
0.00087955
0.00088210
0.00088459
0.00088699
0.00088933
0.00089159
0.00089378
0.00089591
0.00089798
0.00089999
0.00090193
0.00090382
0.00090565
0.00090744
0.00090917
0.00091085
0.00091249
0.00091408
0.00091562
0.00091712
0.00091859
0.00092001
0.00092139
0.00092274
0.00092405
0.00092533
0.00092657
0.00092778
0.00092896
0.00093011
0.00093123
0.00093232
0.00093339
0.00093442
0.00093543
0.00093642
0.00093738
0.00093832
0.00093923
0.00094013
0.00094100
0.00094185
0.00094268
0.00094349
0.00094428
0.00094505
0.00094580
0.00094654
0.00094726
0.00094796
0.00094865
0.00094932
0.00094998
0.00095062
0.00095125
0.00095186
0.00095246
0.00095304
0.00095361
0.00095417
0.00095472
0.00095525
0.00095578
0.00095629
0.00095679
0.00095728
0.00095775
0.00095822
0.00095868
0.00095912
0.00095956
0.00095999
0.00096041
0.00096082
0.00096122
0.00096161
0.00096199
0.00096236
0.00096273
0.00096309
0.00096344
0.00096378
0.00096411
0.00096444
0.00096476
0.00096508
0.00096538
0.00096568
0.00096597
0.00096626
0.00096654
0.00096681
0.00096708
0.00096734
0.00096760
0.00096785
0.00096809
0.00096833
0.00096857
0.00096880
0.00096902
0.00096924
0.00096945
0.00096966
0.00096986
0.00097006
0.00097026
0.00097045
0.00097064
0.00097082
0.00097100
0.00097117
0.00097134
0.00097151
0.00097167
0.00097183
0.00097198
0.00097213
0.00097228
0.00097243
0.00097257
0.00097271
0.00097284
0.00097297
0.00097310
0.00097323
0.00097335
0.00097347
0.00097359
0.00097370
0.00097382
0.00097393
0.00097403
0.00097414
0.00097424
0.00097424
0.00097424
0.00097424
0.00097424
0.00097424
0.00097424
0.00097424
0.00097424
0.00097424
0.00097424
