0.00014670
0.00014091
0.00012945
0.00011423
0.00009765
0.00008179
0.00006832
0.00005842
0.00005214
0.00004838
0.00004560
0.00004273
0.00003950
0.00003647
0.00003473
0.00003515
0.00003781
0.00004188
0.00004633
0.00005027
0.00005313
0.00005460
0.00005462
0.00005330
0.00005090
0.00004771
0.00004408
0.00004033
0.00003674
0.00003351
0.00003077
0.00002853
0.00002678
0.00002543
0.00002442
0.00002365
0.00002308
0.00002264
0.00002230
0.00002201
0.00002173
0.00002142
0.00002107
0.00002065
0.00002017
0.00001962
0.00001902
0.00001838
0.00001772
0.00001705
0.00001640
0.00001578
0.00001519
0.00001465
0.00001415
0.00001370
0.00001329
0.00001293
0.00001260
0.00001230
0.00001202
0.00001177
0.00001153
0.00001130
0.00001108
0.00001087
0.00001067
0.00001046
0.00001027
0.00001007
0.00000988
0.00000969
0.00000950
0.00000931
0.00000913
0.00000896
0.00000878
0.00000861
0.00000845
0.00000828
0.00000812
0.00000797
0.00000781
0.00000766
0.00000752
0.00000737
0.00000723
0.00000709
0.00000695
0.00000682
0.00000669
0.00000656
0.00000643
0.00000630
0.00000618
0.00000605
0.00000593
0.00000581
0.00000570
0.00000558
0.00000547
0.00000536
0.00000525
0.00000514
0.00000503
0.00000493
0.00000483
0.00000473
0.00000463
0.00000453
0.00000444
0.00000434
0.00000425
0.00000416
0.00000407
0.00000398
0.00000390
0.00000381
0.00000373
0.00000365
0.00000357
0.00000349
0.00000342
0.00000334
0.00000327
0.00000320
0.00000313
0.00000306
0.00000299
0.00000292
0.00000286
0.00000280
0.00000273
0.00000267
0.00000261
0.00000255
0.00000250
0.00000244
0.00000239
0.00000233
0.00000228
0.00000223
0.00000218
0.00000213
0.00000208
0.00000204
0.00000199
0.00000195
0.00000190
0.00000186
0.00000182
0.00000178
0.00000174
0.00000170
0.00000166
0.00000162
0.00000158
0.00000155
0.00000151
0.00000148
0.00000145
0.00000141
0.00000138
0.00000135
0.00000132
0.00000129
0.00000126
0.00000123
0.00000120
0.00000118
0.00000115
0.00000112
0.00000110
0.00000107
0.00000105
0.00000102
0.00000100
0.00000098
0.00000096
0.00000093
0.00000091
0.00000089
0.00000087
0.00000085
0.00000083
0.00000081
0.00000080
0.00000078
0.00000076
0.00000074
0.00000073
0.00000071
0.00000069
0.00000068
0.00000066
0.00000065
0.00000063
0.00000062
0.00000060
0.00000059
0.00000058
0.00000056
0.00000055
0.00000054
0.00000052
0.00000051
0.00000050
0.00000049
0.00000048
0.00000047
0.00000046
0.00000045
0.00000044
0.00000043
0.00000042
0.00000041
0.00000040
0.00000039
0.00000038
0.00000037
0.00000036
0.00000035
0.00000035
0.00000031
0.00000030
0.00000029
0.00000028
0.00000028
0.00000027
0.00000026
0.00000025
0.00000024
0.00000024
0.00000023
0.00000022
0.00000021
0.00000025
0.00000024
0.00000024
0.00000023
0.00000023
0.00000022
0.00000022
0.00000022
0.00000021
0.00000021
0.00000020
0.00000014
