73.34848328
70.45743698
64.72422153
57.11630721
48.82512467
40.89481916
34.16022075
29.21099099
26.07053469
24.18784926
22.80056737
21.36638716
19.75215622
18.23697087
17.36502896
17.57551075
18.90263928
20.94070125
23.16408935
25.13553304
26.56351739
27.29850457
27.30866670
26.65194108
25.44842793
23.85451067
22.03952830
20.16553645
18.37063485
16.75664545
15.38254398
14.26532043
13.38866958
12.71688783
12.20875684
11.82668367
11.53968372
11.32210221
11.15113723
11.00535164
10.86478115
10.71220975
10.53543271
10.32705908
10.08444537
9.80963270
9.50818462
9.18788606
8.85754664
8.52596903
8.20113555
7.88965235
7.59645154
7.32471796
7.07598992
6.85037938
6.64686079
6.46358507
6.29818492
6.14804725
6.01053821
5.88317423
5.76373893
5.65035073
5.54148853
5.43598474
5.33299495
5.23195285
5.13251804
5.03452277
4.93792178
4.84274853
4.74907902
4.65700397
4.56660895
4.47796156
4.39110466
4.30605411
4.22279997
4.14130986
4.06153357
3.98340803
3.90686227
3.83182176
3.75821207
3.68596168
3.61500402
3.54527867
3.47673205
3.40931748
3.34299495
3.27773058
3.21349598
3.15026748
3.08802538
3.02675326
2.96643733
2.90706587
2.84862875
2.79111706
2.73452276
2.67883849
2.62405734
2.57017272
2.51717826
2.46506768
2.41383479
2.36347341
2.31397730
2.26534016
2.21755560
2.17061708
2.12451793
2.07925127
2.03481006
1.99118702
1.94837466
1.90636527
1.86515086
1.82472323
1.78507392
1.74619425
1.70807527
1.67070785
1.63408259
1.59818994
1.56302012
1.52856320
1.49480907
1.46174749
1.42936810
1.39766042
1.36661389
1.33621787
1.30646166
1.27733452
1.24882570
1.22092443
1.19361994
1.16690150
1.14075839
1.11517995
1.09015558
1.06567474
1.04172696
1.01830190
0.99538926
0.97297888
0.95106071
0.92962481
0.90866137
0.88816071
0.86811327
0.84850965
0.82934057
0.81059692
0.79226970
0.77435010
0.75682943
0.73969915
0.72295090
0.70657645
0.69056771
0.67491678
0.65961587
0.64465737
0.63003381
0.61573785
0.60176233
0.58810021
0.57474460
0.56168877
0.54892610
0.53645012
0.52425451
0.51233306
0.50067972
0.48928854
0.47815371
0.46726955
0.45663051
0.44623113
0.43606610
0.42613021
0.41641836
0.40692558
0.39764699
0.38857783
0.37971342
0.37104923
0.36258077
0.35430371
0.34621376
0.33830675
0.33057862
0.32302537
0.31564309
0.30842797
0.30137628
0.29448438
0.28774868
0.28116570
0.27473203
0.26844433
0.26229933
0.25629384
0.25042474
0.24468897
0.23908355
0.23360555
0.22825212
0.22302046
0.21790784
0.21291160
0.20802910
0.20325781
0.19859522
0.19403888
0.18958641
0.18523547
0.18098376
0.17682906
0.17276918
0.15390466
0.15009948
0.14617516
0.14220227
0.13820924
0.13419629
0.13015527
0.12607989
0.12196918
0.11782768
0.11366451
0.10949211
0.10532494
0.12401292
0.12146524
0.11902623
0.11668266
0.11442095
0.11222205
0.11006403
0.10792679
0.10579465
0.10365742
0.10151031
0.07165512
