0.00005446
0.00010744
0.00015760
0.00020423
0.00024746
0.00028836
0.00031746
0.00033841
0.00035415
0.00036666
0.00037722
0.00038675
0.00039600
0.00040569
0.00041669
0.00043024
0.00044799
0.00046680
0.00048539
0.00050416
0.00052311
0.00054206
0.00056076
0.00057900
0.00059656
0.00061332
0.00062923
0.00064431
0.00065865
0.00067237
0.00068561
0.00069849
0.00071107
0.00072335
0.00073529
0.00074680
0.00075784
0.00076837
0.00077838
0.00078790
0.00079694
0.00080553
0.00081367
0.00082139
0.00082870
0.00083560
0.00084211
0.00084825
0.00085402
0.00085946
0.00086459
0.00086942
0.00087398
0.00087830
0.00088240
0.00088629
0.00089001
0.00089355
0.00089696
0.00090022
0.00090336
0.00090639
0.00090930
0.00091212
0.00091484
0.00091747
0.00092001
0.00092246
0.00092483
0.00092713
0.00092935
0.00093150
0.00093357
0.00093558
0.00093752
0.00093940
0.00094122
0.00094298
0.00094468
0.00094633
0.00094793
0.00094948
0.00095098
0.00095244
0.00095385
0.00095522
0.00095655
0.00095785
0.00095910
0.00096032
0.00096150
0.00096265
0.00096377
0.00096485
0.00096591
0.00096694
0.00096794
0.00096891
0.00096986
0.00097078
0.00097168
0.00097255
0.00097340
0.00097423
0.00097504
0.00097583
0.00097660
0.00097735
0.00097808
0.00097880
0.00097949
0.00098017
0.00098084
0.00098149
0.00098212
0.00098274
0.00098334
0.00098393
0.00098450
0.00098507
0.00098562
0.00098615
0.00098668
0.00098719
0.00098769
0.00098818
0.00098866
0.00098913
0.00098959
0.00099004
0.00099047
0.00099090
0.00099132
0.00099173
0.00099213
0.00099252
0.00099291
0.00099328
0.00099365
0.00099400
0.00099435
0.00099470
0.00099503
0.00099536
0.00099568
0.00099599
0.00099630
0.00099660
0.00099689
0.00099718
0.00099746
0.00099773
0.00099800
0.00099827
0.00099852
0.00099877
0.00099902
0.00099926
0.00099949
0.00099972
0.00099994
0.00100016
0.00100038
0.00100059
0.00100079
0.00100099
0.00100119
0.00100138
0.00100156
0.00100175
0.00100192
0.00100210
0.00100227
0.00100244
0.00100260
0.00100276
0.00100291
0.00100307
0.00100321
0.00100336
0.00100350
0.00100364
0.00100378
0.00100391
0.00100404
0.00100416
0.00100429
0.00100441
0.00100453
0.00100464
0.00100475
0.00100486
0.00100497
0.00100508
0.00100518
0.00100528
0.00100538
0.00100547
0.00100557
0.00100566
0.00100575
0.00100584
0.00100592
0.00100601
0.00100609
0.00100617
0.00100624
0.00100632
0.00100639
0.00100647
0.00100654
0.00100661
0.00100667
0.00100674
0.00100681
0.00100687
0.00100693
0.00100699
0.00100705
0.00100711
0.00100716
0.00100722
0.00100727
0.00100727
0.00100727
0.00100727
0.00100727
0.00100727
0.00100727
0.00100727
0.00100727
0.00100727
0.00100727
0.00100727
0.00100727
0.00100727
0.00100732
0.00100738
0.00100743
0.00100748
0.00100753
0.00100759
0.00100764
0.00100769
0.00100774
0.00100780
0.00100785
0.00100792
