0.00001889
0.00003637
0.00005093
0.00006141
0.00006701
0.00006701
0.00006195
0.00005369
0.00004336
0.00003168
0.00001944
0.00000761
0.00000000
0.00000000
0.00000000
0.00000000
0.00000000
0.00000214
0.00000671
0.00001307
0.00002069
0.00002904
0.00003764
0.00004606
0.00005395
0.00006104
0.00006717
0.00007225
0.00007628
0.00007932
0.00008146
0.00008285
0.00008366
0.00008409
0.00008437
0.00008468
0.00008518
0.00008597
0.00008711
0.00008860
0.00009042
0.00009255
0.00009494
0.00009754
0.00010033
0.00010323
0.00010623
0.00010928
0.00011236
0.00011545
0.00011852
0.00012158
0.00012462
0.00012762
0.00013060
0.00013356
0.00013649
0.00013941
0.00014230
0.00014519
0.00014806
0.00015092
0.00015376
0.00015660
0.00015942
0.00016223
0.00016502
0.00016780
0.00017056
0.00017329
0.00017601
0.00017871
0.00018138
0.00018403
0.00018666
0.00018926
0.00019183
0.00019438
0.00019689
0.00019939
0.00020185
0.00020428
0.00020669
0.00020906
0.00021141
0.00021372
0.00021601
0.00021826
0.00022048
0.00022267
0.00022483
0.00022696
0.00022906
0.00023112
0.00023315
0.00023515
0.00023712
0.00023905
0.00024095
0.00024282
0.00024466
0.00024646
0.00024824
0.00024998
0.00025168
0.00025336
0.00025501
0.00025662
0.00025820
0.00025975
0.00026127
0.00026276
0.00026423
0.00026566
0.00026706
0.00026843
0.00026978
0.00027109
0.00027238
0.00027365
0.00027488
0.00027609
0.00027727
0.00027843
0.00027956
0.00028067
0.00028176
0.00028282
0.00028385
0.00028487
0.00028586
0.00028683
0.00028778
0.00028870
0.00028961
0.00029049
0.00029136
0.00029221
0.00029303
0.00029384
0.00029463
0.00029541
0.00029616
0.00029690
0.00029762
0.00029832
0.00029901
0.00029969
0.00030034
0.00030099
0.00030162
0.00030223
0.00030283
0.00030342
0.00030399
0.00030455
0.00030510
0.00030563
0.00030615
0.00030666
0.00030716
0.00030765
0.00030813
0.00030859
0.00030905
0.00030949
0.00030993
0.00031035
0.00031077
0.00031117
0.00031157
0.00031196
0.00031234
0.00031270
0.00031307
0.00031342
0.00031376
0.00031410
0.00031443
0.00031475
0.00031507
0.00031538
0.00031568
0.00031597
0.00031626
0.00031654
0.00031681
0.00031708
0.00031734
0.00031760
0.00031785
0.00031809
0.00031833
0.00031856
0.00031879
0.00031901
0.00031923
0.00031944
0.00031965
0.00031985
0.00032005
0.00032025
0.00032044
0.00032062
0.00032080
0.00032098
0.00032115
0.00032132
0.00032148
0.00032165
0.00032180
0.00032196
0.00032211
0.00032225
0.00032240
0.00032254
0.00032267
0.00032281
0.00032294
0.00032307
0.00032319
0.00032331
0.00032343
0.00032359
0.00032374
0.00032388
0.00032402
0.00032416
0.00032430
0.00032443
0.00032455
0.00032467
0.00032479
0.00032491
0.00032502
0.00032512
0.00032519
0.00032526
0.00032533
0.00032539
0.00032546
0.00032551
0.00032557
0.00032563
0.00032568
0.00032573
0.00032578
0.00032578
