0.00000000
0.00000000
0.00000000
0.00000000
0.00000000
0.00000000
0.00000000
0.00000000
0.00000379
0.00001044
0.00001864
0.00002722
0.00003523
0.00004185
0.00004645
0.00004855
0.00004767
0.00004434
0.00003931
0.00003310
0.00002603
0.00001844
0.00001077
0.00000349
0.00000000
0.00000000
0.00000000
0.00000000
0.00000000
0.00000000
0.00000000
0.00000074
0.00000214
0.00000394
0.00000592
0.00000789
0.00000974
0.00001136
0.00001270
0.00001372
0.00001442
0.00001483
0.00001498
0.00001498
0.00001483
0.00001463
0.00001446
0.00001437
0.00001437
0.00001455
0.00001490
0.00001539
0.00001603
0.00001678
0.00001763
0.00001856
0.00001954
0.00002057
0.00002162
0.00002267
0.00002372
0.00002476
0.00002577
0.00002676
0.00002772
0.00002865
0.00002955
0.00003042
0.00003127
0.00003208
0.00003287
0.00003364
0.00003439
0.00003511
0.00003582
0.00003651
0.00003719
0.00003785
0.00003849
0.00003912
0.00003973
0.00004033
0.00004092
0.00004149
0.00004204
0.00004258
0.00004311
0.00004362
0.00004412
0.00004461
0.00004508
0.00004554
0.00004599
0.00004643
0.00004685
0.00004726
0.00004767
0.00004806
0.00004844
0.00004881
0.00004917
0.00004952
0.00004986
0.00005019
0.00005051
0.00005082
0.00005113
0.00005143
0.00005171
0.00005199
0.00005226
0.00005253
0.00005278
0.00005303
0.00005327
0.00005351
0.00005374
0.00005396
0.00005417
0.00005438
0.00005458
0.00005478
0.00005497
0.00005516
0.00005534
0.00005551
0.00005568
0.00005584
0.00005600
0.00005616
0.00005631
0.00005645
0.00005660
0.00005673
0.00005687
0.00005700
0.00005712
0.00005724
0.00005736
0.00005748
0.00005759
0.00005770
0.00005780
0.00005790
0.00005800
0.00005800
0.00005800
0.00005800
0.00005800
0.00005800
0.00005800
