0.00003737
0.00007130
0.00009894
0.00011961
0.00013445
0.00014473
0.00015058
0.00015138
0.00014760
0.00014094
0.00013275
0.00012416
0.00011616
0.00010954
0.00010493
0.00010284
0.00010371
0.00010705
0.00011207
0.00011829
0.00012536
0.00013295
0.00014061
0.00014789
0.00015442
0.00015999
0.00016456
0.00016811
0.00017061
0.00017201
0.00017226
0.00017152
0.00017012
0.00016832
0.00016635
0.00016437
0.00016252
0.00016090
0.00015956
0.00015854
0.00015784
0.00015743
0.00015728
0.00015728
0.00015743
0.00015763
0.00015780
0.00015789
0.00015789
0.00015771
0.00015736
0.00015687
0.00015623
0.00015548
0.00015463
0.00015370
0.00015272
0.00015169
0.00015065
0.00014959
0.00014854
0.00014750
0.00014649
0.00014550
0.00014454
0.00014361
0.00014271
0.00014184
0.00014100
0.00014018
0.00013939
0.00013862
0.00013788
0.00013715
0.00013644
0.00013575
0.00013507
0.00013442
0.00013377
0.00013314
0.00013253
0.00013193
0.00013134
0.00013078
0.00013022
0.00012968
0.00012915
0.00012864
0.00012814
0.00012765
0.00012718
0.00012672
0.00012627
0.00012584
0.00012541
0.00012500
0.00012460
0.00012421
0.00012383
0.00012346
0.00012310
0.00012275
0.00012240
0.00012207
0.00012175
0.00012144
0.00012113
0.00012084
0.00012055
0.00012027
0.00012000
0.00011974
0.00011948
0.00011923
0.00011899
0.00011875
0.00011853
0.00011831
0.00011809
0.00011788
0.00011768
0.00011748
0.00011729
0.00011711
0.00011693
0.00011675
0.00011658
0.00011642
0.00011626
0.00011610
0.00011595
0.00011581
0.00011567
0.00011553
0.00011540
0.00011527
0.00011514
0.00011502
0.00011490
0.00011479
0.00011467
0.00011457
0.00011446
0.00011436
0.00011426
0.00011426
0.00011426
0.00011426
0.00011426
0.00011426
0.00011426
