38.20994635
36.06530832
32.13280460
28.01349571
25.86412499
27.02171968
30.80236037
35.45843328
39.58642372
42.38852123
43.48078219
42.77870258
40.42636112
36.73960852
32.15359816
27.17511688
22.34085728
18.17136984
15.10398716
13.31638991
12.55190111
12.28421241
12.07347271
11.73637782
11.31955307
11.00703487
11.00176345
11.40012256
12.13289038
13.01667231
13.84737621
14.48028676
14.82376787
14.83557830
14.51747349
13.90643072
13.06377168
12.06416270
10.98585289
9.90267934
8.87792049
7.95998485
7.18002760
6.55173698
6.07346156
5.73228681
5.50881936
5.38111690
5.32692511
5.32454350
5.35322131
5.39373264
5.42922233
5.44607106
5.43450289
5.38879370
5.30707984
5.19085005
5.04423397
4.87319788
4.68474085
4.48616158
4.28444347
4.08578410
3.89527799
3.71674615
3.55269614
3.40438862
3.27198323
3.15473601
3.05122272
2.95956590
2.87764836
2.80330049
2.73445350
2.66925479
2.60614500
2.54389929
2.48163707
2.41880610
2.35514719
2.29064617
2.22547899
2.15995538
2.09446527
2.02943122
1.96526889
1.90235656
1.84101404
1.78149019
1.72395827
1.66851758
1.61519998
1.56397972
1.51478521
1.46751141
1.42203197
1.37821013
1.33590808
1.29499437
1.25534925
1.21686813
1.17946325
1.14306380
1.10761499
1.07307615
1.03941843
1.00662217
0.97467427
0.94356582
0.91328996
0.88384014
0.85520884
0.82738669
0.80036194
0.77412032
0.74864514
0.72391753
0.69991696
0.67662165
0.65400912
0.63205666
0.61074181
0.59004263
0.56993805
0.55040800
0.53143358
0.51299701
0.49508168
0.47767201
0.46075342
0.44431214
0.42833515
0.41281000
0.39772471
0.38306772
0.36882774
0.35499373
0.34155485
0.32850042
0.31581994
0.30350303
0.29153952
0.27991939
0.26863282
0.25767019
0.24702215
0.23667953
0.22663345
0.21687529
0.20739666
0.19818946
0.18924584
0.18055818
0.17211914
0.16392159
0.15595863
0.14822357
0.14070993
0.13341141
0.10708330
0.10053827
0.09357699
0.08640046
0.07911251
0.07171828
