0.00000136
0.00000436
0.00001028
0.00001956
0.00003269
0.00005156
0.00007900
0.00011220
0.00014541
0.00017875
0.00021174
0.00024366
0.00027383
0.00030172
0.00032704
0.00034983
0.00037058
0.00038739
0.00039897
0.00040734
0.00041388
0.00041943
0.00042452
0.00042958
0.00043496
0.00044100
0.00044808
0.00045670
0.00046732
0.00048032
0.00049295
0.00050525
0.00051722
0.00052880
0.00053987
0.00055034
0.00056014
0.00056922
0.00057758
0.00058525
0.00059230
0.00059880
0.00060486
0.00061056
0.00061599
0.00062121
0.00062626
0.00063117
0.00063596
0.00064065
0.00064525
0.00064977
0.00065420
0.00065855
0.00066279
0.00066693
0.00067093
0.00067480
0.00067852
0.00068208
0.00068547
0.00068871
0.00069179
0.00069471
0.00069749
0.00070014
0.00070267
0.00070510
0.00070742
0.00070966
0.00071182
0.00071392
0.00071595
0.00071792
0.00071984
0.00072172
0.00072354
0.00072532
0.00072705
0.00072874
0.00073038
0.00073197
0.00073352
0.00073502
0.00073647
0.00073788
0.00073924
0.00074057
0.00074184
0.00074308
0.00074428
0.00074543
0.00074655
0.00074764
0.00074869
0.00074971
0.00075070
0.00075166
0.00075258
0.00075348
0.00075436
0.00075520
0.00075603
0.00075682
0.00075760
0.00075835
0.00075908
0.00075978
0.00076047
0.00076113
0.00076178
0.00076241
0.00076302
0.00076361
0.00076418
0.00076473
0.00076527
0.00076580
0.00076631
0.00076680
0.00076728
0.00076775
0.00076820
0.00076864
0.00076906
0.00076947
0.00076987
0.00077026
0.00077064
0.00077101
0.00077137
0.00077171
0.00077205
0.00077237
0.00077269
0.00077300
0.00077330
0.00077358
0.00077387
0.00077414
0.00077440
0.00077466
0.00077491
0.00077515
0.00077539
0.00077562
0.00077584
0.00077606
0.00077626
0.00077647
0.00077667
0.00077686
0.00077704
0.00077722
0.00077740
0.00077757
0.00077774
0.00077790
0.00077805
0.00077820
0.00077842
0.00077864
0.00077884
0.00077904
0.00077924
0.00077942
