0.00003685
0.00006993
0.00009615
0.00011490
0.00012765
0.00013582
0.00013920
0.00013692
0.00013051
0.00012143
0.00011090
0.00010000
0.00008970
0.00008080
0.00007391
0.00006947
0.00006782
0.00006924
0.00007282
0.00007783
0.00008390
0.00009071
0.00009775
0.00010450
0.00011051
0.00011555
0.00011953
0.00012240
0.00012398
0.00012407
0.00012279
0.00012053
0.00011760
0.00011425
0.00011073
0.00010721
0.00010386
0.00010079
0.00009808
0.00009576
0.00009384
0.00009229
0.00009108
0.00009014
0.00008940
0.00008880
0.00008824
0.00008768
0.00008705
0.00008632
0.00008548
0.00008450
0.00008341
0.00008222
0.00008093
0.00007958
0.00007818
0.00007676
0.00007533
0.00007392
0.00007253
0.00007118
0.00006987
0.00006861
0.00006740
0.00006623
0.00006510
0.00006402
0.00006297
0.00006195
0.00006096
0.00005999
0.00005904
0.00005810
0.00005719
0.00005628
0.00005540
0.00005453
0.00005367
0.00005283
0.00005201
0.00005121
0.00005042
0.00004965
0.00004891
0.00004818
0.00004747
0.00004678
0.00004611
0.00004545
0.00004482
0.00004420
0.00004360
0.00004301
0.00004244
0.00004188
0.00004134
0.00004081
0.00004029
0.00003978
0.00003929
0.00003881
0.00003834
0.00003789
0.00003744
0.00003701
0.00003659
0.00003618
0.00003578
0.00003539
0.00003501
0.00003465
0.00003429
0.00003394
0.00003360
0.00003327
0.00003295
0.00003264
0.00003234
0.00003204
0.00003176
0.00003148
0.00003121
0.00003095
0.00003069
0.00003044
0.00003020
0.00002996
0.00002973
0.00002951
0.00002929
0.00002908
0.00002888
0.00002868
0.00002849
0.00002830
0.00002811
0.00002794
0.00002776
0.00002760
0.00002743
0.00002727
0.00002712
0.00002697
0.00002682
0.00002668
0.00002654
0.00002641
0.00002628
0.00002615
0.00002603
0.00002591
0.00002580
0.00002568
0.00002557
0.00002547
0.00002536
0.00002526
0.00002517
0.00002507
0.00002507
0.00002507
0.00002507
0.00002507
0.00002507
0.00002507
