0.00007643
0.00007215
0.00006429
0.00005605
0.00005176
0.00005408
0.00006165
0.00007097
0.00007923
0.00008484
0.00008704
0.00008564
0.00008095
0.00007358
0.00006441
0.00005446
0.00004480
0.00003646
0.00003033
0.00002676
0.00002523
0.00002470
0.00002428
0.00002361
0.00002278
0.00002215
0.00002215
0.00002294
0.00002441
0.00002618
0.00002785
0.00002912
0.00002981
0.00002983
0.00002920
0.00002798
0.00002630
0.00002430
0.00002215
0.00001998
0.00001793
0.00001610
0.00001454
0.00001329
0.00001233
0.00001165
0.00001120
0.00001095
0.00001084
0.00001084
0.00001090
0.00001098
0.00001105
0.00001108
0.00001106
0.00001097
0.00001081
0.00001058
0.00001029
0.00000995
0.00000957
0.00000917
0.00000877
0.00000837
0.00000799
0.00000764
0.00000731
0.00000701
0.00000675
0.00000652
0.00000631
0.00000613
0.00000596
0.00000582
0.00000568
0.00000555
0.00000542
0.00000530
0.00000517
0.00000505
0.00000492
0.00000479
0.00000466
0.00000453
0.00000440
0.00000427
0.00000415
0.00000402
0.00000390
0.00000378
0.00000366
0.00000355
0.00000345
0.00000335
0.00000325
0.00000315
0.00000306
0.00000298
0.00000289
0.00000281
0.00000273
0.00000265
0.00000258
0.00000251
0.00000244
0.00000237
0.00000230
0.00000223
0.00000217
0.00000211
0.00000205
0.00000199
0.00000193
0.00000188
0.00000182
0.00000177
0.00000172
0.00000167
0.00000162
0.00000158
0.00000153
0.00000149
0.00000144
0.00000140
0.00000136
0.00000132
0.00000129
0.00000125
0.00000121
0.00000118
0.00000115
0.00000111
0.00000108
0.00000105
0.00000102
0.00000099
0.00000096
0.00000093
0.00000091
0.00000088
0.00000086
0.00000083
0.00000081
0.00000079
0.00000076
0.00000074
0.00000072
0.00000070
0.00000068
0.00000066
0.00000064
0.00000062
0.00000060
0.00000059
0.00000057
0.00000055
0.00000054
0.00000052
0.00000051
0.00000049
0.00000044
0.00000043
0.00000041
0.00000040
0.00000038
0.00000037
