0.00000000
0.00000000
0.00000000
0.00000000
0.00000000
0.00000000
0.00000000
0.00000229
0.00000869
0.00001777
0.00002830
0.00003921
0.00004950
0.00005840
0.00006529
0.00006973
0.00007138
0.00006996
0.00006638
0.00006137
0.00005530
0.00004849
0.00004145
0.00003470
0.00002869
0.00002365
0.00001967
0.00001681
0.00001522
0.00001513
0.00001641
0.00001867
0.00002160
0.00002495
0.00002847
0.00003199
0.00003534
0.00003841
0.00004112
0.00004344
0.00004536
0.00004691
0.00004812
0.00004906
0.00004980
0.00005040
0.00005096
0.00005152
0.00005215
0.00005288
0.00005373
0.00005470
0.00005579
0.00005698
0.00005827
0.00005962
0.00006102
0.00006244
0.00006387
0.00006528
0.00006667
0.00006802
0.00006933
0.00007059
0.00007180
0.00007297
0.00007410
0.00007518
0.00007623
0.00007725
0.00007825
0.00007922
0.00008017
0.00008110
0.00008202
0.00008292
0.00008380
0.00008467
0.00008553
0.00008637
0.00008719
0.00008800
0.00008878
0.00008955
0.00009030
0.00009102
0.00009173
0.00009242
0.00009309
0.00009375
0.00009438
0.00009500
0.00009560
0.00009619
0.00009676
0.00009732
0.00009787
0.00009840
0.00009891
0.00009942
0.00009991
0.00010039
0.00010086
0.00010131
0.00010176
0.00010219
0.00010261
0.00010302
0.00010342
0.00010381
0.00010419
0.00010455
0.00010491
0.00010526
0.00010560
0.00010593
0.00010625
0.00010656
0.00010686
0.00010716
0.00010744
0.00010772
0.00010799
0.00010826
0.00010851
0.00010876
0.00010900
0.00010924
0.00010947
0.00010969
0.00010991
0.00011012
0.00011032
0.00011052
0.00011072
0.00011090
0.00011109
0.00011127
0.00011144
0.00011161
0.00011177
0.00011193
0.00011208
0.00011223
0.00011238
0.00011252
0.00011266
0.00011279
0.00011292
0.00011305
0.00011317
0.00011329
0.00011341
0.00011352
0.00011363
0.00011373
0.00011384
0.00011394
0.00011403
0.00011413
0.00011413
0.00011413
0.00011413
0.00011413
0.00011413
0.00011413
