0.00014340
0.00013758
0.00012596
0.00011046
0.00009344
0.00007703
0.00006297
0.00005258
0.00004614
0.00004258
0.00004020
0.00003773
0.00003484
0.00003211
0.00003077
0.00003187
0.00003544
0.00004042
0.00004565
0.00005020
0.00005350
0.00005525
0.00005540
0.00005408
0.00005155
0.00004813
0.00004420
0.00004013
0.00003623
0.00003273
0.00002977
0.00002742
0.00002564
0.00002436
0.00002349
0.00002292
0.00002260
0.00002246
0.00002243
0.00002246
0.00002249
0.00002248
0.00002238
0.00002218
0.00002186
0.00002144
0.00002092
0.00002032
0.00001967
0.00001900
0.00001832
0.00001766
0.00001704
0.00001646
0.00001593
0.00001545
0.00001502
0.00001463
0.00001429
0.00001398
0.00001370
0.00001344
0.00001320
0.00001297
0.00001274
0.00001252
0.00001230
0.00001208
0.00001186
0.00001164
0.00001143
0.00001121
0.00001099
0.00001078
0.00001057
0.00001037
0.00001016
0.00000997
0.00000977
0.00000958
0.00000940
0.00000922
0.00000904
0.00000886
0.00000869
0.00000853
0.00000836
0.00000820
0.00000805
0.00000789
0.00000774
0.00000759
0.00000744
0.00000729
0.00000715
0.00000701
0.00000687
0.00000674
0.00000660
0.00000647
0.00000634
0.00000621
0.00000609
0.00000596
0.00000584
0.00000572
0.00000561
0.00000549
0.00000538
0.00000527
0.00000516
0.00000505
0.00000495
0.00000484
0.00000474
0.00000464
0.00000454
0.00000445
0.00000435
0.00000426
0.00000417
0.00000408
0.00000399
0.00000390
0.00000382
0.00000374
0.00000366
0.00000358
0.00000350
0.00000342
0.00000335
0.00000328
0.00000320
0.00000313
0.00000306
0.00000300
0.00000293
0.00000287
0.00000280
0.00000274
0.00000268
0.00000262
0.00000256
0.00000251
0.00000245
0.00000240
0.00000234
0.00000229
0.00000224
0.00000219
0.00000214
0.00000209
0.00000205
0.00000200
0.00000196
0.00000191
0.00000187
0.00000183
0.00000179
0.00000175
0.00000171
0.00000167
0.00000163
0.00000159
0.00000156
0.00000152
0.00000149
0.00000145
0.00000142
0.00000139
0.00000136
0.00000133
0.00000130
0.00000127
0.00000124
0.00000121
0.00000118
0.00000116
0.00000113
0.00000111
0.00000108
0.00000106
0.00000103
0.00000101
0.00000099
0.00000096
0.00000094
0.00000092
0.00000090
0.00000088
0.00000086
0.00000084
0.00000082
0.00000080
0.00000078
0.00000077
0.00000075
0.00000073
0.00000071
0.00000070
0.00000068
0.00000067
0.00000065
0.00000064
0.00000062
0.00000058
0.00000056
0.00000055
0.00000053
0.00000052
0.00000050
0.00000049
0.00000047
0.00000046
0.00000044
