0.00002064
0.00003987
0.00005621
0.00006853
0.00007613
0.00007850
0.00007541
0.00006879
0.00005997
0.00004972
0.00003879
0.00002816
0.00001878
0.00001130
0.00000598
0.00000309
0.00000349
0.00000692
0.00001265
0.00002016
0.00002893
0.00003845
0.00004821
0.00005776
0.00006672
0.00007480
0.00008182
0.00008770
0.00009247
0.00009619
0.00009898
0.00010100
0.00010244
0.00010351
0.00010442
0.00010540
0.00010658
0.00010807
0.00010992
0.00011215
0.00011474
0.00011765
0.00012085
0.00012427
0.00012786
0.00013158
0.00013537
0.00013921
0.00014304
0.00014685
0.00015062
0.00015433
0.00015799
0.00016159
0.00016514
0.00016863
0.00017208
0.00017548
0.00017885
0.00018219
0.00018551
0.00018880
0.00019206
0.00019531
0.00019854
0.00020174
0.00020492
0.00020808
0.00021121
0.00021431
0.00021739
0.00022044
0.00022345
0.00022644
0.00022939
0.00023231
0.00023519
0.00023805
0.00024087
0.00024365
0.00024641
0.00024912
0.00025181
0.00025446
0.00025707
0.00025966
0.00026220
0.00026471
0.00026719
0.00026963
0.00027204
0.00027441
0.00027675
0.00027905
0.00028131
0.00028354
0.00028573
0.00028789
0.00029001
0.00029210
0.00029415
0.00029616
0.00029814
0.00030009
0.00030200
0.00030388
0.00030572
0.00030753
0.00030930
0.00031104
0.00031275
0.00031443
0.00031607
0.00031768
0.00031926
0.00032081
0.00032232
0.00032381
0.00032527
0.00032669
0.00032809
0.00032946
0.00033080
0.00033211
0.00033339
0.00033465
0.00033588
0.00033708
0.00033826
0.00033941
0.00034054
0.00034164
0.00034272
0.00034378
0.00034481
0.00034582
0.00034681
0.00034777
0.00034872
0.00034964
0.00035055
0.00035143
0.00035229
0.00035314
0.00035396
0.00035477
0.00035556
0.00035633
0.00035708
0.00035782
0.00035854
0.00035924
0.00035993
0.00036060
0.00036126
0.00036190
0.00036253
0.00036315
0.00036375
0.00036433
0.00036491
0.00036547
0.00036601
0.00036655
0.00036707
0.00036758
0.00036808
0.00036857
0.00036905
0.00036951
0.00036997
0.00037042
0.00037085
0.00037128
0.00037169
0.00037210
0.00037250
0.00037288
0.00037326
0.00037363
0.00037400
0.00037435
0.00037470
0.00037504
0.00037537
0.00037569
0.00037600
0.00037631
0.00037661
0.00037691
0.00037720
0.00037748
0.00037775
0.00037802
0.00037829
0.00037854
0.00037879
0.00037904
0.00037928
0.00037951
0.00037974
0.00037996
0.00038018
0.00038040
0.00038060
0.00038089
0.00038117
0.00038145
0.00038171
0.00038197
0.00038223
0.00038247
0.00038271
0.00038294
0.00038316
