0.00008247
0.00007848
0.00007123
0.00006377
0.00005987
0.00006166
0.00006810
0.00007631
0.00008364
0.00008854
0.00009025
0.00008859
0.00008384
0.00007664
0.00006783
0.00005841
0.00004937
0.00004164
0.00003586
0.00003216
0.00003006
0.00002878
0.00002768
0.00002648
0.00002521
0.00002418
0.00002369
0.00002385
0.00002459
0.00002565
0.00002671
0.00002751
0.00002789
0.00002780
0.00002722
0.00002621
0.00002485
0.00002327
0.00002157
0.00001986
0.00001821
0.00001670
0.00001535
0.00001418
0.00001318
0.00001235
0.00001166
0.00001110
0.00001064
0.00001026
0.00000994
0.00000967
0.00000943
0.00000920
0.00000897
0.00000873
0.00000848
0.00000821
0.00000793
0.00000764
0.00000734
0.00000704
0.00000674
0.00000646
0.00000619
0.00000593
0.00000569
0.00000547
0.00000526
0.00000508
0.00000491
0.00000475
0.00000460
0.00000447
0.00000434
0.00000422
0.00000410
0.00000398
0.00000387
0.00000376
0.00000365
0.00000355
0.00000344
0.00000334
0.00000324
0.00000314
0.00000304
0.00000295
0.00000285
0.00000276
0.00000268
0.00000259
0.00000251
0.00000243
0.00000236
0.00000228
0.00000221
0.00000214
0.00000208
0.00000201
0.00000195
0.00000189
0.00000184
0.00000178
0.00000173
0.00000167
0.00000162
0.00000157
0.00000153
0.00000148
0.00000143
0.00000139
0.00000135
0.00000131
0.00000127
0.00000123
0.00000119
0.00000116
0.00000112
0.00000109
0.00000105
0.00000102
0.00000099
0.00000096
0.00000093
0.00000090
0.00000088
0.00000085
0.00000082
0.00000080
0.00000077
0.00000075
0.00000073
0.00000071
0.00000069
0.00000066
0.00000064
0.00000062
0.00000061
0.00000059
0.00000057
0.00000055
0.00000054
0.00000052
0.00000050
0.00000045
0.00000043
0.00000042
0.00000040
0.00000039
0.00000037
