41.23105626
39.23200966
35.60251188
31.87006244
29.91534417
30.80855136
34.02659126
38.12450132
41.78766297
44.23334446
45.08240533
44.24846173
41.87181653
38.26485072
33.85755834
29.14323984
24.62353635
20.75321418
17.86205990
16.01071542
14.95926968
14.31922431
13.76975765
13.16618911
12.53172889
12.01362672
11.76590786
11.84873636
12.21722911
12.74321816
13.27203349
13.67117832
13.86253756
13.81245950
13.52094532
13.01430904
12.33734701
11.54481837
10.69335041
9.83476917
9.01137235
8.25332380
7.57816636
6.99212706
6.49383472
6.07725919
5.73330495
5.45121042
5.21991281
5.02914272
4.87011122
4.73426933
4.61293227
4.49816490
4.38350336
4.26436514
4.13813224
4.00398773
3.86259505
3.71569854
3.56570878
3.41531973
3.26718800
3.12368941
2.98675641
2.85779115
2.73764370
2.62664180
2.52465746
2.43119629
2.34549669
2.26662869
2.19358440
2.12535493
2.06099106
1.99964662
1.94060564
1.88329472
1.82728347
1.77227536
1.71809215
1.66465410
1.61195851
1.56005827
1.50904195
1.45901631
1.41009184
1.36237168
1.31594371
1.27087567
1.22721290
1.18497817
1.14417315
1.10478100
1.06676964
1.03009528
0.99470596
0.96054483
0.92755294
0.89567164
0.86484435
0.83501785
0.80614305
0.77817536
0.75107473
0.72480542
0.69933560
0.67463685
0.65068361
0.62745259
0.60492232
0.58307267
0.56188446
0.54133919
0.52141884
0.50210568
0.48338222
0.46523118
0.44763547
0.43057822
0.41404286
0.39801312
0.38247311
0.36740738
0.35280089
0.33863912
0.32490802
0.31159405
0.29868415
0.28616578
0.27402683
0.26225564
0.25084098
0.23977202
0.22903828
0.21862964
0.20853632
0.19874882
0.18925795
0.18005479
0.17113067
0.16247719
0.15408620
0.14594975
0.13806016
0.10960903
0.10270427
0.09542807
0.08797217
0.08043786
0.07283239
