0.00000387
0.00000918
0.00001715
0.00002837
0.00004346
0.00006401
0.00009221
0.00012956
0.00016759
0.00020520
0.00024213
0.00027784
0.00031176
0.00034346
0.00037276
0.00039988
0.00042369
0.00044117
0.00045407
0.00046394
0.00047189
0.00047870
0.00048487
0.00049083
0.00049691
0.00050343
0.00051071
0.00051908
0.00052887
0.00054030
0.00055340
0.00056641
0.00057896
0.00059106
0.00060269
0.00061382
0.00062440
0.00063441
0.00064386
0.00065277
0.00066117
0.00066911
0.00067663
0.00068372
0.00069016
0.00069614
0.00070180
0.00070725
0.00071257
0.00071752
0.00072214
0.00072648
0.00073056
0.00073441
0.00073805
0.00074149
0.00074474
0.00074782
0.00075074
0.00075351
0.00075613
0.00075861
0.00076097
0.00076321
0.00076534
0.00076737
0.00076932
0.00077118
0.00077297
0.00077469
0.00077636
0.00077796
0.00077952
0.00078103
0.00078249
0.00078390
0.00078528
0.00078661
0.00078790
0.00078915
0.00079037
0.00079154
0.00079268
0.00079378
0.00079484
0.00079587
0.00079687
0.00079783
0.00079875
0.00079965
0.00080051
0.00080135
0.00080216
0.00080294
0.00080369
0.00080442
0.00080512
0.00080580
0.00080646
0.00080710
0.00080772
0.00080831
0.00080889
0.00080945
0.00080999
0.00081051
0.00081102
0.00081151
0.00081199
0.00081245
0.00081290
0.00081333
0.00081375
0.00081415
0.00081454
0.00081492
0.00081529
0.00081565
0.00081600
0.00081633
0.00081666
0.00081697
0.00081727
0.00081757
0.00081786
0.00081813
0.00081840
0.00081866
0.00081892
0.00081916
0.00081940
0.00081963
0.00081985
0.00082007
0.00082027
0.00082048
0.00082067
0.00082086
0.00082105
0.00082123
0.00082140
0.00082157
0.00082173
0.00082189
0.00082204
0.00082227
0.00082248
0.00082269
0.00082289
0.00082309
0.00082328
